0	:invoke	:read	nil
0	:ok	:read	[]
1	:invoke	:read	nil
1	:ok	:read	[]
2	:invoke	:broadcast	0
2	:ok	:broadcast	0
3	:invoke	:read	nil
3	:ok	:read	[0 0]
4	:invoke	:broadcast	1
4	:ok	:broadcast	1
0	:invoke	:read	nil
0	:ok	:read	[0 0 1 1]
0	:invoke	:read	nil
0	:ok	:read	[0 0 1 1]
1	:invoke	:read	nil
1	:ok	:read	[0 1]
2	:invoke	:read	nil
2	:ok	:read	[0 1]
3	:invoke	:broadcast	2
3	:ok	:broadcast	2
4	:invoke	:broadcast	3
4	:ok	:broadcast	3
0	:invoke	:broadcast	4
0	:ok	:broadcast	4
0	:invoke	:broadcast	5
0	:ok	:broadcast	5
1	:invoke	:read	nil
1	:ok	:read	[0 1 2 2 3 4 4 5 5]
2	:invoke	:broadcast	6
2	:ok	:broadcast	6
3	:invoke	:read	nil
3	:ok	:read	[0 0 1 1 2 3 3 4 5 6 6]
4	:invoke	:read	nil
4	:ok	:read	[0 1 2 2 3 4 4 5 5 6]
0	:invoke	:broadcast	7
0	:ok	:broadcast	7
0	:invoke	:read	nil
0	:ok	:read	[0 0 1 1 2 3 3 4 5 6 6 7]
1	:invoke	:read	nil
1	:ok	:read	[0 1 2 2 3 4 4 5 5 6 7 7]
2	:invoke	:read	nil
2	:ok	:read	[0 1 2 2 3 4 4 5 5 6 7 7]
3	:invoke	:broadcast	8
3	:ok	:broadcast	8
4	:invoke	:broadcast	9
4	:ok	:broadcast	9
0	:invoke	:read	nil
0	:ok	:read	[0 0 1 1 2 3 3 4 5 6 6 7 8 9 9]
0	:invoke	:read	nil
0	:ok	:read	[0 0 1 1 2 3 3 4 5 6 6 7 8 9 9]
1	:invoke	:read	nil
1	:ok	:read	[0 1 2 2 3 4 4 5 5 6 7 7 8 8 9]
2	:invoke	:read	nil
2	:ok	:read	[0 1 2 2 3 4 4 5 5 6 7 7 8 8 9]
3	:invoke	:broadcast	10
3	:ok	:broadcast	10
4	:invoke	:broadcast	11
4	:ok	:broadcast	11
0	:invoke	:read	nil
0	:ok	:read	[0 0 1 1 2 3 3 4 5 6 6 7 8 9 9 10 11 11]
0	:invoke	:broadcast	12
0	:ok	:broadcast	12
1	:invoke	:read	nil
1	:ok	:read	[0 1 2 2 3 4 4 5 5 6 7 7 8 8 9 10 10 11 12 12]
2	:invoke	:broadcast	13
2	:ok	:broadcast	13
3	:invoke	:broadcast	14
3	:ok	:broadcast	14
4	:invoke	:read	nil
4	:ok	:read	[0 1 2 2 3 4 4 5 5 6 7 7 8 8 9 10 10 11 12 12 13 14 14]
0	:invoke	:broadcast	15
0	:ok	:broadcast	15
0	:invoke	:broadcast	16
0	:ok	:broadcast	16
1	:invoke	:read	nil
1	:ok	:read	[0 1 2 2 3 4 4 5 5 6 7 7 8 8 9 10 10 11 12 12 13 14 14 15 15 16 16]
2	:invoke	:broadcast	17
2	:ok	:broadcast	17
3	:invoke	:read	nil
3	:ok	:read	[0 0 1 1 2 3 3 4 5 6 6 7 8 9 9 10 11 11 12 13 13 14 15 16 17 17]
4	:invoke	:broadcast	18
4	:ok	:broadcast	18
0	:invoke	:read	nil
0	:ok	:read	[0 0 1 1 2 3 3 4 5 6 6 7 8 9 9 10 11 11 12 13 13 14 15 16 17 17 18 18]
0	:invoke	:read	nil
0	:ok	:read	[0 0 1 1 2 3 3 4 5 6 6 7 8 9 9 10 11 11 12 13 13 14 15 16 17 17 18 18]
1	:invoke	:broadcast	19
1	:ok	:broadcast	19
2	:invoke	:read	nil
2	:ok	:read	[0 1 2 2 3 4 4 5 5 6 7 7 8 8 9 10 10 11 12 12 13 14 14 15 15 16 16 17 18 19]
3	:invoke	:read	nil
3	:ok	:read	[0 0 1 1 2 3 3 4 5 6 6 7 8 9 9 10 11 11 12 13 13 14 15 16 17 17 18 18 19 19]
4	:invoke	:broadcast	20
4	:ok	:broadcast	20
0	:invoke	:read	nil
0	:ok	:read	[0 0 1 1 2 3 3 4 5 6 6 7 8 9 9 10 11 11 12 13 13 14 15 16 17 17 18 18 19 19 20 20]
0	:invoke	:read	nil
0	:ok	:read	[0 0 1 1 2 3 3 4 5 6 6 7 8 9 9 10 11 11 12 13 13 14 15 16 17 17 18 18 19 19 20 20]
1	:invoke	:broadcast	21
1	:ok	:broadcast	21
2	:invoke	:read	nil
2	:ok	:read	[0 1 2 2 3 4 4 5 5 6 7 7 8 8 9 10 10 11 12 12 13 14 14 15 15 16 16 17 18 19 20 21]
3	:invoke	:read	nil
3	:ok	:read	[0 0 1 1 2 3 3 4 5 6 6 7 8 9 9 10 11 11 12 13 13 14 15 16 17 17 18 18 19 19 20 20 21 21]
4	:invoke	:read	nil
4	:ok	:read	[0 1 2 2 3 4 4 5 5 6 7 7 8 8 9 10 10 11 12 12 13 14 14 15 15 16 16 17 18 19 20 21]
0	:invoke	:broadcast	22
0	:ok	:broadcast	22
0	:invoke	:broadcast	23
0	:ok	:broadcast	23
1	:invoke	:read	nil
1	:ok	:read	[0 1 2 2 3 4 4 5 5 6 7 7 8 8 9 10 10 11 12 12 13 14 14 15 15 16 16 17 18 19 20 21 22 22 23 23]
2	:invoke	:broadcast	24
2	:ok	:broadcast	24
3	:invoke	:broadcast	25
3	:ok	:broadcast	25
4	:invoke	:broadcast	26
4	:ok	:broadcast	26
0	:invoke	:broadcast	27
0	:ok	:broadcast	27
0	:invoke	:read	nil
1	:invoke	:read	nil
0	:ok	:read	[0 0 1 1 2 3 3 4 5 6 6 7 8 9 9 10 11 11 12 13 13 14 15 16 17 17 18 18 19 19 20 20 21 21 22 23 24 24 25 26 26 27]
1	:ok	:read	[0 1 2 2 3 4 4 5 5 6 7 7 8 8 9 10 10 11 12 12 13 14 14 15 15 16 16 17 18 19 20 21 22 22 23 23 24 25 25 26 27 27]
2	:invoke	:broadcast	28
2	:ok	:broadcast	28
3	:invoke	:read	nil
3	:ok	:read	[0 0 1 1 2 3 3 4 5 6 6 7 8 9 9 10 11 11 12 13 13 14 15 16 17 17 18 18 19 19 20 20 21 21 22 23 24 24 25 26 26 27 28 28]
4	:invoke	:broadcast	29
4	:ok	:broadcast	29
0	:invoke	:read	nil
0	:ok	:read	[0 0 1 1 2 3 3 4 5 6 6 7 8 9 9 10 11 11 12 13 13 14 15 16 17 17 18 18 19 19 20 20 21 21 22 23 24 24 25 26 26 27 28 28 29 29]
0	:invoke	:read	nil
0	:ok	:read	[0 0 1 1 2 3 3 4 5 6 6 7 8 9 9 10 11 11 12 13 13 14 15 16 17 17 18 18 19 19 20 20 21 21 22 23 24 24 25 26 26 27 28 28 29 29]
1	:invoke	:broadcast	30
1	:ok	:broadcast	30
2	:invoke	:read	nil
2	:ok	:read	[0 1 2 2 3 4 4 5 5 6 7 7 8 8 9 10 10 11 12 12 13 14 14 15 15 16 16 17 18 19 20 21 22 22 23 23 24 25 25 26 27 27 28 29 30]
3	:invoke	:broadcast	31
3	:ok	:broadcast	31
4	:invoke	:read	nil
4	:ok	:read	[0 1 2 2 3 4 4 5 5 6 7 7 8 8 9 10 10 11 12 12 13 14 14 15 15 16 16 17 18 19 20 21 22 22 23 23 24 25 25 26 27 27 28 29 30 31 31]
0	:invoke	:read	nil
0	:ok	:read	[0 0 1 1 2 3 3 4 5 6 6 7 8 9 9 10 11 11 12 13 13 14 15 16 17 17 18 18 19 19 20 20 21 21 22 23 24 24 25 26 26 27 28 28 29 29 30 30 31]
0	:invoke	:broadcast	32
0	:ok	:broadcast	32
1	:invoke	:broadcast	33
1	:ok	:broadcast	33
2	:invoke	:broadcast	34
2	:ok	:broadcast	34
3	:invoke	:broadcast	35
3	:ok	:broadcast	35
4	:invoke	:read	nil
4	:ok	:read	[0 1 2 2 3 4 4 5 5 6 7 7 8 8 9 10 10 11 12 12 13 14 14 15 15 16 16 17 18 19 20 21 22 22 23 23 24 25 25 26 27 27 28 29 30 31 31 32 32 33 34 35 35]
0	:invoke	:broadcast	36
0	:ok	:broadcast	36
0	:invoke	:broadcast	37
0	:ok	:broadcast	37
1	:invoke	:read	nil
1	:ok	:read	[0 1 2 2 3 4 4 5 5 6 7 7 8 8 9 10 10 11 12 12 13 14 14 15 15 16 16 17 18 19 20 21 22 22 23 23 24 25 25 26 27 27 28 29 30 31 31 32 32 33 34 35 35 36 36 37 37]
2	:invoke	:broadcast	38
2	:ok	:broadcast	38
3	:invoke	:broadcast	39
3	:ok	:broadcast	39
4	:invoke	:read	nil
4	:ok	:read	[0 1 2 2 3 4 4 5 5 6 7 7 8 8 9 10 10 11 12 12 13 14 14 15 15 16 16 17 18 19 20 21 22 22 23 23 24 25 25 26 27 27 28 29 30 31 31 32 32 33 34 35 35 36 36 37 37 38 39 39]
0	:invoke	:read	nil
0	:ok	:read	[0 0 1 1 2 3 3 4 5 6 6 7 8 9 9 10 11 11 12 13 13 14 15 16 17 17 18 18 19 19 20 20 21 21 22 23 24 24 25 26 26 27 28 28 29 29 30 30 31 32 33 33 34 34 35 36 37 38 38 39]
0	:invoke	:read	nil
0	:ok	:read	[0 0 1 1 2 3 3 4 5 6 6 7 8 9 9 10 11 11 12 13 13 14 15 16 17 17 18 18 19 19 20 20 21 21 22 23 24 24 25 26 26 27 28 28 29 29 30 30 31 32 33 33 34 34 35 36 37 38 38 39]
1	:invoke	:broadcast	40
1	:ok	:broadcast	40
2	:invoke	:read	nil
2	:ok	:read	[0 1 2 2 3 4 4 5 5 6 7 7 8 8 9 10 10 11 12 12 13 14 14 15 15 16 16 17 18 19 20 21 22 22 23 23 24 25 25 26 27 27 28 29 30 31 31 32 32 33 34 35 35 36 36 37 37 38 39 39 40]
3	:invoke	:broadcast	41
3	:ok	:broadcast	41
4	:invoke	:broadcast	42
4	:ok	:broadcast	42
0	:invoke	:broadcast	43
0	:ok	:broadcast	43
0	:invoke	:broadcast	44
0	:ok	:broadcast	44
1	:invoke	:read	nil
1	:ok	:read	[0 1 2 2 3 4 4 5 5 6 7 7 8 8 9 10 10 11 12 12 13 14 14 15 15 16 16 17 18 19 20 21 22 22 23 23 24 25 25 26 27 27 28 29 30 31 31 32 32 33 34 35 35 36 36 37 37 38 39 39 40 41 41 42 43 43 44 44]
2	:invoke	:read	nil
2	:ok	:read	[0 1 2 2 3 4 4 5 5 6 7 7 8 8 9 10 10 11 12 12 13 14 14 15 15 16 16 17 18 19 20 21 22 22 23 23 24 25 25 26 27 27 28 29 30 31 31 32 32 33 34 35 35 36 36 37 37 38 39 39 40 41 41 42 43 43 44 44]
3	:invoke	:broadcast	45
3	:ok	:broadcast	45
4	:invoke	:broadcast	46
4	:ok	:broadcast	46
0	:invoke	:read	nil
0	:ok	:read	[0 0 1 1 2 3 3 4 5 6 6 7 8 9 9 10 11 11 12 13 13 14 15 16 17 17 18 18 19 19 20 20 21 21 22 23 24 24 25 26 26 27 28 28 29 29 30 30 31 32 33 33 34 34 35 36 37 38 38 39 40 40 41 42 42 43 44 45 46 46]
0	:invoke	:broadcast	47
0	:ok	:broadcast	47
1	:invoke	:read	nil
1	:ok	:read	[0 1 2 2 3 4 4 5 5 6 7 7 8 8 9 10 10 11 12 12 13 14 14 15 15 16 16 17 18 19 20 21 22 22 23 23 24 25 25 26 27 27 28 29 30 31 31 32 32 33 34 35 35 36 36 37 37 38 39 39 40 41 41 42 43 43 44 44 45 45 46 47 47]
2	:invoke	:read	nil
2	:ok	:read	[0 1 2 2 3 4 4 5 5 6 7 7 8 8 9 10 10 11 12 12 13 14 14 15 15 16 16 17 18 19 20 21 22 22 23 23 24 25 25 26 27 27 28 29 30 31 31 32 32 33 34 35 35 36 36 37 37 38 39 39 40 41 41 42 43 43 44 44 45 45 46 47 47]
3	:invoke	:read	nil
3	:ok	:read	[0 0 1 1 2 3 3 4 5 6 6 7 8 9 9 10 11 11 12 13 13 14 15 16 17 17 18 18 19 19 20 20 21 21 22 23 24 24 25 26 26 27 28 28 29 29 30 30 31 32 33 33 34 34 35 36 37 38 38 39 40 40 41 42 42 43 44 45 46 46 47]
4	:invoke	:broadcast	48
4	:ok	:broadcast	48
0	:invoke	:broadcast	49
0	:ok	:broadcast	49
0	:invoke	:read	nil
0	:ok	:read	[0 0 1 1 2 3 3 4 5 6 6 7 8 9 9 10 11 11 12 13 13 14 15 16 17 17 18 18 19 19 20 20 21 21 22 23 24 24 25 26 26 27 28 28 29 29 30 30 31 32 33 33 34 34 35 36 37 38 38 39 40 40 41 42 42 43 44 45 46 46 47 48 48 49]
1	:invoke	:read	nil
1	:ok	:read	[0 1 2 2 3 4 4 5 5 6 7 7 8 8 9 10 10 11 12 12 13 14 14 15 15 16 16 17 18 19 20 21 22 22 23 23 24 25 25 26 27 27 28 29 30 31 31 32 32 33 34 35 35 36 36 37 37 38 39 39 40 41 41 42 43 43 44 44 45 45 46 47 47 48 49 49]
2	:invoke	:read	nil
2	:ok	:read	[0 1 2 2 3 4 4 5 5 6 7 7 8 8 9 10 10 11 12 12 13 14 14 15 15 16 16 17 18 19 20 21 22 22 23 23 24 25 25 26 27 27 28 29 30 31 31 32 32 33 34 35 35 36 36 37 37 38 39 39 40 41 41 42 43 43 44 44 45 45 46 47 47 48 49 49]
3	:invoke	:read	nil
3	:ok	:read	[0 0 1 1 2 3 3 4 5 6 6 7 8 9 9 10 11 11 12 13 13 14 15 16 17 17 18 18 19 19 20 20 21 21 22 23 24 24 25 26 26 27 28 28 29 29 30 30 31 32 33 33 34 34 35 36 37 38 38 39 40 40 41 42 42 43 44 45 46 46 47 48 48 49]
4	:invoke	:broadcast	50
4	:ok	:broadcast	50
0	:invoke	:read	nil
0	:ok	:read	[0 0 1 1 2 3 3 4 5 6 6 7 8 9 9 10 11 11 12 13 13 14 15 16 17 17 18 18 19 19 20 20 21 21 22 23 24 24 25 26 26 27 28 28 29 29 30 30 31 32 33 33 34 34 35 36 37 38 38 39 40 40 41 42 42 43 44 45 46 46 47 48 48 49 50 50]
0	:invoke	:broadcast	51
0	:ok	:broadcast	51
1	:invoke	:read	nil
1	:ok	:read	[0 1 2 2 3 4 4 5 5 6 7 7 8 8 9 10 10 11 12 12 13 14 14 15 15 16 16 17 18 19 20 21 22 22 23 23 24 25 25 26 27 27 28 29 30 31 31 32 32 33 34 35 35 36 36 37 37 38 39 39 40 41 41 42 43 43 44 44 45 45 46 47 47 48 49 49 50 51 51]
2	:invoke	:broadcast	52
2	:ok	:broadcast	52
3	:invoke	:read	nil
3	:ok	:read	[0 0 1 1 2 3 3 4 5 6 6 7 8 9 9 10 11 11 12 13 13 14 15 16 17 17 18 18 19 19 20 20 21 21 22 23 24 24 25 26 26 27 28 28 29 29 30 30 31 32 33 33 34 34 35 36 37 38 38 39 40 40 41 42 42 43 44 45 46 46 47 48 48 49 50 50 51 52 52]
4	:invoke	:read	nil
4	:ok	:read	[0 1 2 2 3 4 4 5 5 6 7 7 8 8 9 10 10 11 12 12 13 14 14 15 15 16 16 17 18 19 20 21 22 22 23 23 24 25 25 26 27 27 28 29 30 31 31 32 32 33 34 35 35 36 36 37 37 38 39 39 40 41 41 42 43 43 44 44 45 45 46 47 47 48 49 49 50 51 51 52]
0	:invoke	:broadcast	53
0	:ok	:broadcast	53
0	:invoke	:broadcast	54
0	:ok	:broadcast	54
1	:invoke	:read	nil
1	:ok	:read	[0 1 2 2 3 4 4 5 5 6 7 7 8 8 9 10 10 11 12 12 13 14 14 15 15 16 16 17 18 19 20 21 22 22 23 23 24 25 25 26 27 27 28 29 30 31 31 32 32 33 34 35 35 36 36 37 37 38 39 39 40 41 41 42 43 43 44 44 45 45 46 47 47 48 49 49 50 51 51 52 53 53 54 54]
2	:invoke	:read	nil
2	:ok	:read	[0 1 2 2 3 4 4 5 5 6 7 7 8 8 9 10 10 11 12 12 13 14 14 15 15 16 16 17 18 19 20 21 22 22 23 23 24 25 25 26 27 27 28 29 30 31 31 32 32 33 34 35 35 36 36 37 37 38 39 39 40 41 41 42 43 43 44 44 45 45 46 47 47 48 49 49 50 51 51 52 53 53 54 54]
3	:invoke	:read	nil
3	:ok	:read	[0 0 1 1 2 3 3 4 5 6 6 7 8 9 9 10 11 11 12 13 13 14 15 16 17 17 18 18 19 19 20 20 21 21 22 23 24 24 25 26 26 27 28 28 29 29 30 30 31 32 33 33 34 34 35 36 37 38 38 39 40 40 41 42 42 43 44 45 46 46 47 48 48 49 50 50 51 52 52 53 54]
4	:invoke	:read	nil
4	:ok	:read	[0 1 2 2 3 4 4 5 5 6 7 7 8 8 9 10 10 11 12 12 13 14 14 15 15 16 16 17 18 19 20 21 22 22 23 23 24 25 25 26 27 27 28 29 30 31 31 32 32 33 34 35 35 36 36 37 37 38 39 39 40 41 41 42 43 43 44 44 45 45 46 47 47 48 49 49 50 51 51 52 53 53 54 54]
0	:invoke	:broadcast	55
0	:ok	:broadcast	55
0	:invoke	:broadcast	56
0	:ok	:broadcast	56
1	:invoke	:broadcast	57
1	:ok	:broadcast	57
2	:invoke	:read	nil
2	:ok	:read	[0 1 2 2 3 4 4 5 5 6 7 7 8 8 9 10 10 11 12 12 13 14 14 15 15 16 16 17 18 19 20 21 22 22 23 23 24 25 25 26 27 27 28 29 30 31 31 32 32 33 34 35 35 36 36 37 37 38 39 39 40 41 41 42 43 43 44 44 45 45 46 47 47 48 49 49 50 51 51 52 53 53 54 54 55 55 56 56 57]
3	:invoke	:broadcast	58
3	:ok	:broadcast	58
4	:invoke	:broadcast	59
4	:ok	:broadcast	59
0	:invoke	:broadcast	60
0	:ok	:broadcast	60
0	:invoke	:broadcast	61
0	:ok	:broadcast	61
1	:invoke	:broadcast	62
1	:ok	:broadcast	62
2	:invoke	:read	nil
2	:ok	:read	[0 1 2 2 3 4 4 5 5 6 7 7 8 8 9 10 10 11 12 12 13 14 14 15 15 16 16 17 18 19 20 21 22 22 23 23 24 25 25 26 27 27 28 29 30 31 31 32 32 33 34 35 35 36 36 37 37 38 39 39 40 41 41 42 43 43 44 44 45 45 46 47 47 48 49 49 50 51 51 52 53 53 54 54 55 55 56 56 57 58 58 59 60 60 61 61 62]
3	:invoke	:broadcast	63
3	:ok	:broadcast	63
4	:invoke	:read	nil
4	:ok	:read	[0 1 2 2 3 4 4 5 5 6 7 7 8 8 9 10 10 11 12 12 13 14 14 15 15 16 16 17 18 19 20 21 22 22 23 23 24 25 25 26 27 27 28 29 30 31 31 32 32 33 34 35 35 36 36 37 37 38 39 39 40 41 41 42 43 43 44 44 45 45 46 47 47 48 49 49 50 51 51 52 53 53 54 54 55 55 56 56 57 58 58 59 60 60 61 61 62 63 63]
0	:invoke	:read	nil
0	:ok	:read	[0 0 1 1 2 3 3 4 5 6 6 7 8 9 9 10 11 11 12 13 13 14 15 16 17 17 18 18 19 19 20 20 21 21 22 23 24 24 25 26 26 27 28 28 29 29 30 30 31 32 33 33 34 34 35 36 37 38 38 39 40 40 41 42 42 43 44 45 46 46 47 48 48 49 50 50 51 52 52 53 54 55 56 57 57 58 59 59 60 61 62 62 63]
0	:invoke	:read	nil
0	:ok	:read	[0 0 1 1 2 3 3 4 5 6 6 7 8 9 9 10 11 11 12 13 13 14 15 16 17 17 18 18 19 19 20 20 21 21 22 23 24 24 25 26 26 27 28 28 29 29 30 30 31 32 33 33 34 34 35 36 37 38 38 39 40 40 41 42 42 43 44 45 46 46 47 48 48 49 50 50 51 52 52 53 54 55 56 57 57 58 59 59 60 61 62 62 63]
1	:invoke	:read	nil
1	:ok	:read	[0 1 2 2 3 4 4 5 5 6 7 7 8 8 9 10 10 11 12 12 13 14 14 15 15 16 16 17 18 19 20 21 22 22 23 23 24 25 25 26 27 27 28 29 30 31 31 32 32 33 34 35 35 36 36 37 37 38 39 39 40 41 41 42 43 43 44 44 45 45 46 47 47 48 49 49 50 51 51 52 53 53 54 54 55 55 56 56 57 58 58 59 60 60 61 61 62 63 63]
2	:invoke	:broadcast	64
2	:ok	:broadcast	64
3	:invoke	:broadcast	65
3	:ok	:broadcast	65
4	:invoke	:read	nil
4	:ok	:read	[0 1 2 2 3 4 4 5 5 6 7 7 8 8 9 10 10 11 12 12 13 14 14 15 15 16 16 17 18 19 20 21 22 22 23 23 24 25 25 26 27 27 28 29 30 31 31 32 32 33 34 35 35 36 36 37 37 38 39 39 40 41 41 42 43 43 44 44 45 45 46 47 47 48 49 49 50 51 51 52 53 53 54 54 55 55 56 56 57 58 58 59 60 60 61 61 62 63 63 64 65 65]
0	:invoke	:read	nil
0	:ok	:read	[0 0 1 1 2 3 3 4 5 6 6 7 8 9 9 10 11 11 12 13 13 14 15 16 17 17 18 18 19 19 20 20 21 21 22 23 24 24 25 26 26 27 28 28 29 29 30 30 31 32 33 33 34 34 35 36 37 38 38 39 40 40 41 42 42 43 44 45 46 46 47 48 48 49 50 50 51 52 52 53 54 55 56 57 57 58 59 59 60 61 62 62 63 64 64 65]
0	:invoke	:read	nil
0	:ok	:read	[0 0 1 1 2 3 3 4 5 6 6 7 8 9 9 10 11 11 12 13 13 14 15 16 17 17 18 18 19 19 20 20 21 21 22 23 24 24 25 26 26 27 28 28 29 29 30 30 31 32 33 33 34 34 35 36 37 38 38 39 40 40 41 42 42 43 44 45 46 46 47 48 48 49 50 50 51 52 52 53 54 55 56 57 57 58 59 59 60 61 62 62 63 64 64 65]
1	:invoke	:broadcast	66
1	:ok	:broadcast	66
2	:invoke	:read	nil
2	:ok	:read	[0 1 2 2 3 4 4 5 5 6 7 7 8 8 9 10 10 11 12 12 13 14 14 15 15 16 16 17 18 19 20 21 22 22 23 23 24 25 25 26 27 27 28 29 30 31 31 32 32 33 34 35 35 36 36 37 37 38 39 39 40 41 41 42 43 43 44 44 45 45 46 47 47 48 49 49 50 51 51 52 53 53 54 54 55 55 56 56 57 58 58 59 60 60 61 61 62 63 63 64 65 65 66]
3	:invoke	:read	nil
3	:ok	:read	[0 0 1 1 2 3 3 4 5 6 6 7 8 9 9 10 11 11 12 13 13 14 15 16 17 17 18 18 19 19 20 20 21 21 22 23 24 24 25 26 26 27 28 28 29 29 30 30 31 32 33 33 34 34 35 36 37 38 38 39 40 40 41 42 42 43 44 45 46 46 47 48 48 49 50 50 51 52 52 53 54 55 56 57 57 58 59 59 60 61 62 62 63 64 64 65 66 66]
4	:invoke	:broadcast	67
4	:ok	:broadcast	67
0	:invoke	:broadcast	68
0	:ok	:broadcast	68
0	:invoke	:broadcast	69
0	:ok	:broadcast	69
1	:invoke	:read	nil
1	:ok	:read	[0 1 2 2 3 4 4 5 5 6 7 7 8 8 9 10 10 11 12 12 13 14 14 15 15 16 16 17 18 19 20 21 22 22 23 23 24 25 25 26 27 27 28 29 30 31 31 32 32 33 34 35 35 36 36 37 37 38 39 39 40 41 41 42 43 43 44 44 45 45 46 47 47 48 49 49 50 51 51 52 53 53 54 54 55 55 56 56 57 58 58 59 60 60 61 61 62 63 63 64 65 65 66 67 68 68 69 69]
2	:invoke	:read	nil
2	:ok	:read	[0 1 2 2 3 4 4 5 5 6 7 7 8 8 9 10 10 11 12 12 13 14 14 15 15 16 16 17 18 19 20 21 22 22 23 23 24 25 25 26 27 27 28 29 30 31 31 32 32 33 34 35 35 36 36 37 37 38 39 39 40 41 41 42 43 43 44 44 45 45 46 47 47 48 49 49 50 51 51 52 53 53 54 54 55 55 56 56 57 58 58 59 60 60 61 61 62 63 63 64 65 65 66 67 68 68 69 69]
3	:invoke	:read	nil
3	:ok	:read	[0 0 1 1 2 3 3 4 5 6 6 7 8 9 9 10 11 11 12 13 13 14 15 16 17 17 18 18 19 19 20 20 21 21 22 23 24 24 25 26 26 27 28 28 29 29 30 30 31 32 33 33 34 34 35 36 37 38 38 39 40 40 41 42 42 43 44 45 46 46 47 48 48 49 50 50 51 52 52 53 54 55 56 57 57 58 59 59 60 61 62 62 63 64 64 65 66 66 67 67 68 69]
4	:invoke	:read	nil
4	:ok	:read	[0 1 2 2 3 4 4 5 5 6 7 7 8 8 9 10 10 11 12 12 13 14 14 15 15 16 16 17 18 19 20 21 22 22 23 23 24 25 25 26 27 27 28 29 30 31 31 32 32 33 34 35 35 36 36 37 37 38 39 39 40 41 41 42 43 43 44 44 45 45 46 47 47 48 49 49 50 51 51 52 53 53 54 54 55 55 56 56 57 58 58 59 60 60 61 61 62 63 63 64 65 65 66 67 68 68 69 69]
0	:invoke	:read	nil
0	:ok	:read	[0 0 1 1 2 3 3 4 5 6 6 7 8 9 9 10 11 11 12 13 13 14 15 16 17 17 18 18 19 19 20 20 21 21 22 23 24 24 25 26 26 27 28 28 29 29 30 30 31 32 33 33 34 34 35 36 37 38 38 39 40 40 41 42 42 43 44 45 46 46 47 48 48 49 50 50 51 52 52 53 54 55 56 57 57 58 59 59 60 61 62 62 63 64 64 65 66 66 67 67 68 69]
0	:invoke	:read	nil
0	:ok	:read	[0 0 1 1 2 3 3 4 5 6 6 7 8 9 9 10 11 11 12 13 13 14 15 16 17 17 18 18 19 19 20 20 21 21 22 23 24 24 25 26 26 27 28 28 29 29 30 30 31 32 33 33 34 34 35 36 37 38 38 39 40 40 41 42 42 43 44 45 46 46 47 48 48 49 50 50 51 52 52 53 54 55 56 57 57 58 59 59 60 61 62 62 63 64 64 65 66 66 67 67 68 69]
1	:invoke	:broadcast	70
1	:ok	:broadcast	70
2	:invoke	:broadcast	71
2	:ok	:broadcast	71
3	:invoke	:broadcast	72
3	:ok	:broadcast	72
4	:invoke	:broadcast	73
4	:ok	:broadcast	73
0	:invoke	:broadcast	74
0	:ok	:broadcast	74
0	:invoke	:read	nil
0	:ok	:read	[0 0 1 1 2 3 3 4 5 6 6 7 8 9 9 10 11 11 12 13 13 14 15 16 17 17 18 18 19 19 20 20 21 21 22 23 24 24 25 26 26 27 28 28 29 29 30 30 31 32 33 33 34 34 35 36 37 38 38 39 40 40 41 42 42 43 44 45 46 46 47 48 48 49 50 50 51 52 52 53 54 55 56 57 57 58 59 59 60 61 62 62 63 64 64 65 66 66 67 67 68 69 70 70 71 71 72 73 73 74]
1	:invoke	:read	nil
1	:ok	:read	[0 1 2 2 3 4 4 5 5 6 7 7 8 8 9 10 10 11 12 12 13 14 14 15 15 16 16 17 18 19 20 21 22 22 23 23 24 25 25 26 27 27 28 29 30 31 31 32 32 33 34 35 35 36 36 37 37 38 39 39 40 41 41 42 43 43 44 44 45 45 46 47 47 48 49 49 50 51 51 52 53 53 54 54 55 55 56 56 57 58 58 59 60 60 61 61 62 63 63 64 65 65 66 67 68 68 69 69 70 71 72 72 73 74 74]
2	:invoke	:read	nil
2	:ok	:read	[0 1 2 2 3 4 4 5 5 6 7 7 8 8 9 10 10 11 12 12 13 14 14 15 15 16 16 17 18 19 20 21 22 22 23 23 24 25 25 26 27 27 28 29 30 31 31 32 32 33 34 35 35 36 36 37 37 38 39 39 40 41 41 42 43 43 44 44 45 45 46 47 47 48 49 49 50 51 51 52 53 53 54 54 55 55 56 56 57 58 58 59 60 60 61 61 62 63 63 64 65 65 66 67 68 68 69 69 70 71 72 72 73 74 74]
3	:invoke	:read	nil
3	:ok	:read	[0 0 1 1 2 3 3 4 5 6 6 7 8 9 9 10 11 11 12 13 13 14 15 16 17 17 18 18 19 19 20 20 21 21 22 23 24 24 25 26 26 27 28 28 29 29 30 30 31 32 33 33 34 34 35 36 37 38 38 39 40 40 41 42 42 43 44 45 46 46 47 48 48 49 50 50 51 52 52 53 54 55 56 57 57 58 59 59 60 61 62 62 63 64 64 65 66 66 67 67 68 69 70 70 71 71 72 73 73 74]
4	:invoke	:broadcast	75
0	:invoke	:read	nil
4	:ok	:broadcast	75
0	:ok	:read	[0 0 1 1 2 3 3 4 5 6 6 7 8 9 9 10 11 11 12 13 13 14 15 16 17 17 18 18 19 19 20 20 21 21 22 23 24 24 25 26 26 27 28 28 29 29 30 30 31 32 33 33 34 34 35 36 37 38 38 39 40 40 41 42 42 43 44 45 46 46 47 48 48 49 50 50 51 52 52 53 54 55 56 57 57 58 59 59 60 61 62 62 63 64 64 65 66 66 67 67 68 69 70 70 71 71 72 73 73 74]
0	:invoke	:read	nil
0	:ok	:read	[0 0 1 1 2 3 3 4 5 6 6 7 8 9 9 10 11 11 12 13 13 14 15 16 17 17 18 18 19 19 20 20 21 21 22 23 24 24 25 26 26 27 28 28 29 29 30 30 31 32 33 33 34 34 35 36 37 38 38 39 40 40 41 42 42 43 44 45 46 46 47 48 48 49 50 50 51 52 52 53 54 55 56 57 57 58 59 59 60 61 62 62 63 64 64 65 66 66 67 67 68 69 70 70 71 71 72 73 73 74 75 75]
1	:invoke	:broadcast	76
1	:ok	:broadcast	76
2	:invoke	:read	nil
2	:ok	:read	[0 1 2 2 3 4 4 5 5 6 7 7 8 8 9 10 10 11 12 12 13 14 14 15 15 16 16 17 18 19 20 21 22 22 23 23 24 25 25 26 27 27 28 29 30 31 31 32 32 33 34 35 35 36 36 37 37 38 39 39 40 41 41 42 43 43 44 44 45 45 46 47 47 48 49 49 50 51 51 52 53 53 54 54 55 55 56 56 57 58 58 59 60 60 61 61 62 63 63 64 65 65 66 67 68 68 69 69 70 71 72 72 73 74 74 75 76]
3	:invoke	:read	nil
3	:ok	:read	[0 0 1 1 2 3 3 4 5 6 6 7 8 9 9 10 11 11 12 13 13 14 15 16 17 17 18 18 19 19 20 20 21 21 22 23 24 24 25 26 26 27 28 28 29 29 30 30 31 32 33 33 34 34 35 36 37 38 38 39 40 40 41 42 42 43 44 45 46 46 47 48 48 49 50 50 51 52 52 53 54 55 56 57 57 58 59 59 60 61 62 62 63 64 64 65 66 66 67 67 68 69 70 70 71 71 72 73 73 74 75 75 76 76]
4	:invoke	:broadcast	77
4	:ok	:broadcast	77
0	:invoke	:broadcast	78
0	:ok	:broadcast	78
0	:invoke	:read	nil
0	:ok	:read	[0 0 1 1 2 3 3 4 5 6 6 7 8 9 9 10 11 11 12 13 13 14 15 16 17 17 18 18 19 19 20 20 21 21 22 23 24 24 25 26 26 27 28 28 29 29 30 30 31 32 33 33 34 34 35 36 37 38 38 39 40 40 41 42 42 43 44 45 46 46 47 48 48 49 50 50 51 52 52 53 54 55 56 57 57 58 59 59 60 61 62 62 63 64 64 65 66 66 67 67 68 69 70 70 71 71 72 73 73 74 75 75 76 76 77 77 78]
1	:invoke	:read	nil
1	:ok	:read	[0 1 2 2 3 4 4 5 5 6 7 7 8 8 9 10 10 11 12 12 13 14 14 15 15 16 16 17 18 19 20 21 22 22 23 23 24 25 25 26 27 27 28 29 30 31 31 32 32 33 34 35 35 36 36 37 37 38 39 39 40 41 41 42 43 43 44 44 45 45 46 47 47 48 49 49 50 51 51 52 53 53 54 54 55 55 56 56 57 58 58 59 60 60 61 61 62 63 63 64 65 65 66 67 68 68 69 69 70 71 72 72 73 74 74 75 76 77 78 78]
2	:invoke	:broadcast	79
2	:ok	:broadcast	79
3	:invoke	:read	nil
3	:ok	:read	[0 0 1 1 2 3 3 4 5 6 6 7 8 9 9 10 11 11 12 13 13 14 15 16 17 17 18 18 19 19 20 20 21 21 22 23 24 24 25 26 26 27 28 28 29 29 30 30 31 32 33 33 34 34 35 36 37 38 38 39 40 40 41 42 42 43 44 45 46 46 47 48 48 49 50 50 51 52 52 53 54 55 56 57 57 58 59 59 60 61 62 62 63 64 64 65 66 66 67 67 68 69 70 70 71 71 72 73 73 74 75 75 76 76 77 77 78 79 79]
4	:invoke	:broadcast	80
4	:ok	:broadcast	80
0	:invoke	:read	nil
0	:ok	:read	[0 0 1 1 2 3 3 4 5 6 6 7 8 9 9 10 11 11 12 13 13 14 15 16 17 17 18 18 19 19 20 20 21 21 22 23 24 24 25 26 26 27 28 28 29 29 30 30 31 32 33 33 34 34 35 36 37 38 38 39 40 40 41 42 42 43 44 45 46 46 47 48 48 49 50 50 51 52 52 53 54 55 56 57 57 58 59 59 60 61 62 62 63 64 64 65 66 66 67 67 68 69 70 70 71 71 72 73 73 74 75 75 76 76 77 77 78 79 79 80 80]
0	:invoke	:broadcast	81
0	:ok	:broadcast	81
1	:invoke	:read	nil
1	:ok	:read	[0 1 2 2 3 4 4 5 5 6 7 7 8 8 9 10 10 11 12 12 13 14 14 15 15 16 16 17 18 19 20 21 22 22 23 23 24 25 25 26 27 27 28 29 30 31 31 32 32 33 34 35 35 36 36 37 37 38 39 39 40 41 41 42 43 43 44 44 45 45 46 47 47 48 49 49 50 51 51 52 53 53 54 54 55 55 56 56 57 58 58 59 60 60 61 61 62 63 63 64 65 65 66 67 68 68 69 69 70 71 72 72 73 74 74 75 76 77 78 78 79 80 81 81]
2	:invoke	:broadcast	82
2	:ok	:broadcast	82
3	:invoke	:broadcast	83
3	:ok	:broadcast	83
4	:invoke	:read	nil
4	:ok	:read	[0 1 2 2 3 4 4 5 5 6 7 7 8 8 9 10 10 11 12 12 13 14 14 15 15 16 16 17 18 19 20 21 22 22 23 23 24 25 25 26 27 27 28 29 30 31 31 32 32 33 34 35 35 36 36 37 37 38 39 39 40 41 41 42 43 43 44 44 45 45 46 47 47 48 49 49 50 51 51 52 53 53 54 54 55 55 56 56 57 58 58 59 60 60 61 61 62 63 63 64 65 65 66 67 68 68 69 69 70 71 72 72 73 74 74 75 76 77 78 78 79 80 81 81 82 83 83]
0	:invoke	:read	nil
0	:ok	:read	[0 0 1 1 2 3 3 4 5 6 6 7 8 9 9 10 11 11 12 13 13 14 15 16 17 17 18 18 19 19 20 20 21 21 22 23 24 24 25 26 26 27 28 28 29 29 30 30 31 32 33 33 34 34 35 36 37 38 38 39 40 40 41 42 42 43 44 45 46 46 47 48 48 49 50 50 51 52 52 53 54 55 56 57 57 58 59 59 60 61 62 62 63 64 64 65 66 66 67 67 68 69 70 70 71 71 72 73 73 74 75 75 76 76 77 77 78 79 79 80 80 81 82 82 83]
0	:invoke	:broadcast	84
0	:ok	:broadcast	84
1	:invoke	:broadcast	85
1	:ok	:broadcast	85
2	:invoke	:broadcast	86
2	:ok	:broadcast	86
3	:invoke	:read	nil
3	:ok	:read	[0 0 1 1 2 3 3 4 5 6 6 7 8 9 9 10 11 11 12 13 13 14 15 16 17 17 18 18 19 19 20 20 21 21 22 23 24 24 25 26 26 27 28 28 29 29 30 30 31 32 33 33 34 34 35 36 37 38 38 39 40 40 41 42 42 43 44 45 46 46 47 48 48 49 50 50 51 52 52 53 54 55 56 57 57 58 59 59 60 61 62 62 63 64 64 65 66 66 67 67 68 69 70 70 71 71 72 73 73 74 75 75 76 76 77 77 78 79 79 80 80 81 82 82 83 84 85 85 86 86]
4	:invoke	:broadcast	87
4	:ok	:broadcast	87
0	:invoke	:read	nil
0	:ok	:read	[0 0 1 1 2 3 3 4 5 6 6 7 8 9 9 10 11 11 12 13 13 14 15 16 17 17 18 18 19 19 20 20 21 21 22 23 24 24 25 26 26 27 28 28 29 29 30 30 31 32 33 33 34 34 35 36 37 38 38 39 40 40 41 42 42 43 44 45 46 46 47 48 48 49 50 50 51 52 52 53 54 55 56 57 57 58 59 59 60 61 62 62 63 64 64 65 66 66 67 67 68 69 70 70 71 71 72 73 73 74 75 75 76 76 77 77 78 79 79 80 80 81 82 82 83 84 85 85 86 86 87 87]
0	:invoke	:read	nil
0	:ok	:read	[0 0 1 1 2 3 3 4 5 6 6 7 8 9 9 10 11 11 12 13 13 14 15 16 17 17 18 18 19 19 20 20 21 21 22 23 24 24 25 26 26 27 28 28 29 29 30 30 31 32 33 33 34 34 35 36 37 38 38 39 40 40 41 42 42 43 44 45 46 46 47 48 48 49 50 50 51 52 52 53 54 55 56 57 57 58 59 59 60 61 62 62 63 64 64 65 66 66 67 67 68 69 70 70 71 71 72 73 73 74 75 75 76 76 77 77 78 79 79 80 80 81 82 82 83 84 85 85 86 86 87 87]
1	:invoke	:read	nil
1	:ok	:read	[0 1 2 2 3 4 4 5 5 6 7 7 8 8 9 10 10 11 12 12 13 14 14 15 15 16 16 17 18 19 20 21 22 22 23 23 24 25 25 26 27 27 28 29 30 31 31 32 32 33 34 35 35 36 36 37 37 38 39 39 40 41 41 42 43 43 44 44 45 45 46 47 47 48 49 49 50 51 51 52 53 53 54 54 55 55 56 56 57 58 58 59 60 60 61 61 62 63 63 64 65 65 66 67 68 68 69 69 70 71 72 72 73 74 74 75 76 77 78 78 79 80 81 81 82 83 83 84 84 85 86 87]
2	:invoke	:broadcast	88
2	:ok	:broadcast	88
3	:invoke	:read	nil
3	:ok	:read	[0 0 1 1 2 3 3 4 5 6 6 7 8 9 9 10 11 11 12 13 13 14 15 16 17 17 18 18 19 19 20 20 21 21 22 23 24 24 25 26 26 27 28 28 29 29 30 30 31 32 33 33 34 34 35 36 37 38 38 39 40 40 41 42 42 43 44 45 46 46 47 48 48 49 50 50 51 52 52 53 54 55 56 57 57 58 59 59 60 61 62 62 63 64 64 65 66 66 67 67 68 69 70 70 71 71 72 73 73 74 75 75 76 76 77 77 78 79 79 80 80 81 82 82 83 84 85 85 86 86 87 87 88 88]
4	:invoke	:broadcast	89
4	:ok	:broadcast	89
0	:invoke	:broadcast	90
0	:ok	:broadcast	90
0	:invoke	:broadcast	91
0	:ok	:broadcast	91
1	:invoke	:broadcast	92
1	:ok	:broadcast	92
2	:invoke	:read	nil
2	:ok	:read	[0 1 2 2 3 4 4 5 5 6 7 7 8 8 9 10 10 11 12 12 13 14 14 15 15 16 16 17 18 19 20 21 22 22 23 23 24 25 25 26 27 27 28 29 30 31 31 32 32 33 34 35 35 36 36 37 37 38 39 39 40 41 41 42 43 43 44 44 45 45 46 47 47 48 49 49 50 51 51 52 53 53 54 54 55 55 56 56 57 58 58 59 60 60 61 61 62 63 63 64 65 65 66 67 68 68 69 69 70 71 72 72 73 74 74 75 76 77 78 78 79 80 81 81 82 83 83 84 84 85 86 87 88 89 90 90 91 91 92]
0	:invoke	:read	nil
4	:invoke	:read	nil
3	:invoke	:read	nil
2	:invoke	:read	nil
1	:invoke	:read	nil
0	:ok	:read	[0 0 1 1 2 3 3 4 5 6 6 7 8 9 9 10 11 11 12 13 13 14 15 16 17 17 18 18 19 19 20 20 21 21 22 23 24 24 25 26 26 27 28 28 29 29 30 30 31 32 33 33 34 34 35 36 37 38 38 39 40 40 41 42 42 43 44 45 46 46 47 48 48 49 50 50 51 52 52 53 54 55 56 57 57 58 59 59 60 61 62 62 63 64 64 65 66 66 67 67 68 69 70 70 71 71 72 73 73 74 75 75 76 76 77 77 78 79 79 80 80 81 82 82 83 84 85 85 86 86 87 87 88 88 89 89 90 91 92 92]
2	:ok	:read	[0 1 2 2 3 4 4 5 5 6 7 7 8 8 9 10 10 11 12 12 13 14 14 15 15 16 16 17 18 19 20 21 22 22 23 23 24 25 25 26 27 27 28 29 30 31 31 32 32 33 34 35 35 36 36 37 37 38 39 39 40 41 41 42 43 43 44 44 45 45 46 47 47 48 49 49 50 51 51 52 53 53 54 54 55 55 56 56 57 58 58 59 60 60 61 61 62 63 63 64 65 65 66 67 68 68 69 69 70 71 72 72 73 74 74 75 76 77 78 78 79 80 81 81 82 83 83 84 84 85 86 87 88 89 90 90 91 91 92]
1	:ok	:read	[0 1 2 2 3 4 4 5 5 6 7 7 8 8 9 10 10 11 12 12 13 14 14 15 15 16 16 17 18 19 20 21 22 22 23 23 24 25 25 26 27 27 28 29 30 31 31 32 32 33 34 35 35 36 36 37 37 38 39 39 40 41 41 42 43 43 44 44 45 45 46 47 47 48 49 49 50 51 51 52 53 53 54 54 55 55 56 56 57 58 58 59 60 60 61 61 62 63 63 64 65 65 66 67 68 68 69 69 70 71 72 72 73 74 74 75 76 77 78 78 79 80 81 81 82 83 83 84 84 85 86 87 88 89 90 90 91 91 92]
4	:ok	:read	[0 1 2 2 3 4 4 5 5 6 7 7 8 8 9 10 10 11 12 12 13 14 14 15 15 16 16 17 18 19 20 21 22 22 23 23 24 25 25 26 27 27 28 29 30 31 31 32 32 33 34 35 35 36 36 37 37 38 39 39 40 41 41 42 43 43 44 44 45 45 46 47 47 48 49 49 50 51 51 52 53 53 54 54 55 55 56 56 57 58 58 59 60 60 61 61 62 63 63 64 65 65 66 67 68 68 69 69 70 71 72 72 73 74 74 75 76 77 78 78 79 80 81 81 82 83 83 84 84 85 86 87 88 89 90 90 91 91 92]
3	:ok	:read	[0 0 1 1 2 3 3 4 5 6 6 7 8 9 9 10 11 11 12 13 13 14 15 16 17 17 18 18 19 19 20 20 21 21 22 23 24 24 25 26 26 27 28 28 29 29 30 30 31 32 33 33 34 34 35 36 37 38 38 39 40 40 41 42 42 43 44 45 46 46 47 48 48 49 50 50 51 52 52 53 54 55 56 57 57 58 59 59 60 61 62 62 63 64 64 65 66 66 67 67 68 69 70 70 71 71 72 73 73 74 75 75 76 76 77 77 78 79 79 80 80 81 82 82 83 84 85 85 86 86 87 87 88 88 89 89 90 91 92 92]
